28.627941
28.627981
28.6075627
28.5960875
28.5874806
28.5838004
28.5747806
37.0561339
36.2068298
28.570317
28.5773799
28.585037
28.5891169
28.6146243
28.6083697
40.2533659
28.6232773
51.0640823
41.6577137
33.4145557
28.6286321
28.632986
28.63922
28.6472827
28.6550458
28.6432533
28.6554182
28.651027
28.6493776
28.6623452
28.65109
28.6417002
28.648876
32.7449706
28.6389315
28.6330298
28.6294195
28.6248053
28.6217542
24.8866859
28.6191983
22.2441975
28.6038371
28.598662
28.5937647
28.5914547
28.5849492
28.5744621
28.5720379
28.5522057