77.37493
77.3648567
77.3683319
77.3683319
77.3683319
77.3597194
77.3567233
-95.9179603
-96.0621449
77.3218196
77.3144936
77.3116409
77.3020569
77.3121575
77.293112
-74.5774575
77.267911
7.0038584
-95.3177505
-111.9109164
77.2269889
77.219374
77.2085967
77.2028368
77.1888201
77.1779925
77.16462
77.1562196
77.1436998
77.1410809
77.1326969
77.1224529
77.1096829
74.8455958
77.0866811
77.0866711
77.0776578
77.0653064
77.0558111
85.5434572
77.0322963
68.9684562
77.0290995
77.0348573
77.0434934
77.0492504
77.0582844
77.0652246
77.070837
77.0583048